0
255
0
0
0
0
255
0
255
255
0
255
255
0
255
0
0
0
0
255
0
0
0
0
0
255
255
0
0
0
3
255
0
255
255
158
255
255
0
255
255
255
0
255
0
0
0
0
0
255
255
255
132
0
255
0
255
0
0
0
255
0
255
0
0
0
255
255
0
0
0
0
255
160
255
0
0
0
0
255
253
255
0
0
255
0
0
255
207
255
255
255
255
0
255
0
0
0
0
0
0
0
0
0
255
0
0
255
0
244
0
255
0
0
0
0
0
0
0
0
0
255
0
0
255
0
0
0
255
0
0
0
255
0
0
255
0
243
0
0
0
255
255
0
255
0
0
0
255
0
0
45
255
255
7
255
255
0
255
255
0
0
255
0
255
0
0
255
0
255
0
0
255
255
255
0
0
0
0
0
0
255
0
0
255
255
0
0
0
255
255
0
0
0
0
0
102
0
255
255
255
0
0
0
255
0
78
0
0
0
0
0
0
0
0
255
255
255
255
0
0
0
0
0
0
0
255
255
255
255
0
0
0
255
0
255
0
0
255
255
0
0
0
255
0
0
0
255
255
255
0
0
255
255
255
255
255
0
0
255
0
255
2
255
255
255
0
0
0
0
0
0
255
0
255
255
0
255
0
0
255
255
0
0
0
255
0
0
