0
0
0
0
0
0
0
0
0
0
77
0
64
122
0
0
0
73
0
255
0
0
255
0
0
0
171
0
17
0
0
255
255
0
0
0
98
255
0
136
59
255
255
0
255
255
39
66
150
0
0
0
254
255
247
0
255
255
7
0
0
0
42
0
0
255
0
255
0
255
36
0
0
255
110
0
255
82
0
0
0
170
0
0
0
0
55
17
91
255
0
2
168
255
0
111
73
255
255
0
96
0
0
80
255
0
0
164
0
0
204
0
0
118
255
255
0
255
0
0
0
227
0
0
0
0
0
9
0
0
0
0
22
30
0
0
0
255
0
255
0
0
255
0
76
21
0
0
255
0
0
255
255
104
0
255
111
73
116
0
255
255
0
0
0
0
255
255
206
121
0
29
249
0
0
231
0
255
227
74
0
2
0
0
0
255
207
0
0
255
195
255
255
255
189
0
0
0
0
0
0
0
0
255
14
0
0
0
78
107
5
255
255
255
0
255
0
0
0
0
0
0
41
0
255
0
105
255
0
255
0
11
0
0
0
0
158
0
2
0
0
0
0
255
119
0
0
0
0
255
181
0
255
0
41
111
0
0
0
255
255
0
53
0
255
0
53
0
255
0
6
164
0
0
0
0
0
3
0
57
117
0
0
255
0
0
7
160
124
0
43
20
0
0
0
27
255
96
13
255
0
55
255
0
0
16
255
0
255
0
0
186
243
0
79
255
0
0
6
0
128
0
13
0
0
73
255
55
61
0
255
8
255
0
24
0
0
0
0
22
255
90
0
0
0
57
0
255
0
0
0
0
2
0
25
69
255
10
0
255
0
69
255
0
0
212
0
0
200
255
0
255
0
0
255
0
144
195
0
0
50
0
255
148
0
0
255
0
0
255
114
255
0
0
134
0
133
255
0
175
0
0
0
251
0
0
0
0
46
255
255
97
0
255
0
30
0
0
0
97
0
102
255
0
255
0
0
0
255
0
255
255
0
255
0
0
0
0
34
0
0
255
0
0
0
0
0
255
0
0
255
0
0
0
101
120
255
255
0
20
0
0
255
121
0
0
216
0
0
0
0
0
0
0
0
21
1
255
255
0
255
0
0
0
70
54
0
18
29
53
0
0
255
252
0
0
255
0
255
255
0
0
0
0
255
0
92
0
57
0
125
255
2
0
0
0
0
0
20
0
255
101
0
255
255
0
0
0
255
0
255
255
10
255
0
0
255
255
0
0
255
167
0
255
255
0
0
0
255
136
0
255
16
0
0
0
0
184
0
0
0
0
0
73
25
0
0
0
0
0
0
0
255
0
0
64
0
0
75
0
0
0
0
214
0
0
0
255
5
0
255
255
0
0
255
0
0
255
0
0
255
255
0
0
0
0
255
0
0
255
255
0
0
0
0
49
0
83
255
103
255
73
0
125
255
31
255
235
0
88
148
0
103
0
0
0
0
101
255
0
10
0
0
255
0
255
4
0
255
0
255
255
34
97
255
22
0
0
255
36
255
255
0
255
147
255
22
0
0
255
255
0
255
255
27
188
54
0
255
0
0
39
0
122
255
0
255
0
131
0
29
0
19
0
0
0
0
0
0
0
0
0
0
255
0
0
255
84
0
255
0
0
0
255
58
0
255
221
0
139
0
0
255
0
0
0
255
0
0
0
255
64
0
255
0
248
0
63
98
255
0
0
255
0
0
45
0
123
0
0
0
0
0
255
102
102
255
0
255
0
0
255
47
255
80
255
0
0
0
216
0
0
33
20
1
0
0
0
0
255
0
0
0
0
0
0
0
33
255
0
38
0
1
255
0
0
0
255
255
0
0
135
44
129
0
0
0
255
19
0
255
52
255
255
0
0
0
0
0
0
232
255
0
176
255
0
56
217
49
0
0
0
46
7
0
255
255
0
0
24
0
0
38
255
0
11
38
255
255
255
56
0
95
0
0
68
234
255
31
45
58
255
0
255
255
255
255
0
0
255
73
255
0
255
12
255
48
0
255
0
26
0
0
0
0
205
208
255
255
0
219
0
0
255
119
0
0
62
0
255
244
0
223
0
0
0
1
0
255
0
0
0
0
255
217
255
65
255
0
255
255
35
0
255
255
0
0
255
0
125
0
13
0
0
0
64
255
17
255
0
255
0
0
0
0
0
0
69
0
0
175
0
0
0
252
0
255
0
0
0
159
34
140
0
164
97
255
43
0
255
0
0
255
21
0
0
0
205
0
28
0
0
255
255
0
0
150
0
23
0
103
0
0
0
0
0
0
0
251
255
0
3
43
0
0
210
255
255
255
0
255
255
0
0
0
136
0
255
255
0
255
60
0
0
