-2
14
44
23
-1
20
15
46
17
45
45
68
-19
-31
65
-2
27
28
3
-4
17
21
14
49
-9
-10
15
50
21
27
-21
31
9
29
-4
-62
-79
19
-10
46
2
-11
-6
-42
46
24
56
30
-7
-12
-66
7
8
-39
58
5
-35
-1
-1
-49
9
-36
5
-71
-24
39
-14
-31
-27
-33
-6
-6
-15
-9
40
-39
22
21
9
5
75
0
-4
19
29
1
-13
-24
-4
5
-19
43
25
-19
-10
-21
-14
30
-44
8
-21
39
-15
9
-9
4
56
-66
37
-22
-68
-8
-4
35
-30
-18
-34
-9
-8
8
22
11
-80
-1
28
76
23
-12
32
-51
-3
35
33
39
-1
20
34
21
-30
-13
-60
40
-10
-2
1
-35
-5
26
-11
-5
11
31
5
8
17
-11
-56
-19
-8
6
11
-28
21
9
25
-27
-39
4
61
-45
-45
-50
-88
-8
4
58
23
42
48
-3
25
33
-40
22
22
-50
-4
-33
52
-67
-25
-20
5
0
10
52
-30
